1983
1955
1765
1295
2116
1861
1317
741
917
1369
2023
2219
981
1218
903
3064
1561
1096
883
1237
2115
1331
2324
1201
2085
1155
1654
1314
1020
1481
3301
1302
1323
906
1291
1206
4085
1064
1537
1250
1106
2553
1322
1315
1305
1122
833
1817
1405
2084
1229
1260
1390
3972
2118
2911
1253
706
1083
795
1152
1268
1131
1289
799
1026
1099
1992
1148
988
1154
1788
1079
834
828
1066
1531
1440
788
1522
1184
2015
1160
1085
1532
1081
1327
1447
924
1460
1024
2330
1713
595
810
1740
1132
1131
1160
1726
685
1798
815
1189
861
791
1815
978
774
1643
1924
1137
1111
847
2431
1205
1225
1157
1736
2406
1527
1101
1390
1047
756
1323
1024
748
1038
1071
1684
1643
1659
5075
1301
1242
1171
1490
2159
1175
626
948
931
1170
1801
2052
1730
1334
3775
1663
1763
944
947
1130
1086
1148
1946
1268
796
1548
1063
1496
1713
1454
1044
2525
1455
1339
976
901
1068
1255
1294
987
1280
1017
967
1193
989
1214
1256
1159
1526
1346
1071
894
1009
924
1790
1268
1028
958
1073
838
1509
1355
1145
840
1397
1389
897
1147
686
1368
693
1046
1187
1264
1218
965
1398
1479
805
1178
965
1179
974
1224
976
956
822
1291
1093
1233
980
1079
803
1146
1275
1429
995
1060
1051
885
1037
886
1099
1221
1399
889
1083
953
1137
1858
1286
977
2347
5262
1432
1644
1058
900
1225
899
1354
1289
899
818
1611
712
2091
1156
1345
1022
1485
1471
1271
665
778
1098
1614
956
669
634
978
1175
765
731
1064
955
758
929
2702
1174
1015
789
860
838
1149
1015
727
1237
1164
634
911
686
750
1055
730
1774
1207
650
1078
1320
1042
857
1654
800
678
982
1191
607
870
1143
645
976
770
817
1094
1340
1472
806
611
790
487
1314
532
508
1301
854
817
635
1084
820
560
908
605
823
872
923
889
864
932
978
624
687
822
641
768
1117
669
505
891
1146
1647
448
809
755
1210
1135
767
1099
649
805
799
698
1416
1082
994
830
936
1570
705
914
697
1028
1310
1393
1888
1575
653
926
731
885
1529
720
1154
768
920
921
600
950
606
703
814
1756
885
1081
2100
865
480
823
550
681
787
704
1225
1488
1614
978
828
544
854
1077
1246
718
647
708
5027
1124
662
873
1371
601
415
849
1013
808
640
835
999
1141
868
566
652
1066
550
636
1072
695
659
943
596
1045
568
558
566
691
862
746
1188
771
647
414
831
602
1147
740
667
850
733
532
367
539
731
640
953
902
859
889
649
593
1048
896
755
1008
936
1064
448
467
544
613
747
788
427
714
912
791
1299
507
695
706
572
503
943
584
519
1010
639
799
1427
750
626
598
783
694
735
1187
693
566
741
857
828
634
550
1307
991
750
594
813
733
615
612
537
819
510
566
656
832
634
889
648
668
503
684
646
1040
648
763
554
607
558
672
503
768
540
844
1584
779
728
839
641
558
566
807
547
731
608
620
600
710
672
511
663
828
638
614
467
483
1082
724
887
760
604
1082
451
448
815
512
1059
847
855
672
657
496
656
755
566
575
840
674
1020
830
594
794
1047
4361
535
489
578
