-1572.0
-1449.0
-1200.0
-775.0
-1656.0
-1326.0
-998.0
-420.0
-494.0
-940.0
-1719.0
-1764.0
-712.0
-823.0
-529.0
-2558.0
-1081.0
-714.0
-459.0
-734.0
-1659.0
-962.0
-1884.0
-760.0
-1792.0
-775.0
-1206.0
-943.0
-638.0
-979.0
-2620.0
-980.0
-931.0
-592.0
-677.0
-734.0
-3638.0
-676.0
-1160.0
-840.0
-672.0
-2050.0
-1010.0
-857.0
-763.0
-715.0
-496.0
-1235.0
-931.0
-1575.0
-909.0
-829.0
-946.0
-3711.0
-1695.0
-2309.0
-895.0
-449.0
-718.0
-446.0
-836.0
-779.0
-713.0
-887.0
-436.0
-613.0
-660.0
-1388.0
-816.0
-673.0
-737.0
-1252.0
-678.0
-495.0
-534.0
-640.0
-1009.0
-936.0
-485.0
-977.0
-586.0
-1406.0
-753.0
-664.0
-1035.0
-702.0
-878.0
-905.0
-491.0
-942.0
-576.0
-1649.0
-1304.0
-251.0
-412.0
-1247.0
-726.0
-724.0
-608.0
-1288.0
-387.0
-1315.0
-495.0
-692.0
-489.0
-420.0
-1339.0
-539.0
-440.0
-842.0
-1503.0
-757.0
-651.0
-452.0
-1829.0
-800.0
-810.0
-725.0
-1141.0
-1866.0
-1044.0
-766.0
-990.0
-468.0
-386.0
-828.0
-722.0
-362.0
-728.0
-604.0
-1184.0
-1050.0
-1307.0
-4427.0
-934.0
-758.0
-720.0
-996.0
-1659.0
-630.0
-304.0
-546.0
-624.0
-784.0
-1311.0
-1675.0
-1264.0
-975.0
-3277.0
-1092.0
-1407.0
-585.0
-552.0
-611.0
-732.0
-874.0
-1292.0
-889.0
-526.0
-1047.0
-710.0
-1072.0
-1202.0
-1033.0
-667.0
-2129.0
-990.0
-926.0
-623.0
-495.0
-574.0
-868.0
-904.0
-566.0
-1019.0
-636.0
-608.0
-748.0
-693.0
-834.0
-913.0
-769.0
-1039.0
-884.0
-683.0
-506.0
-688.0
-545.0
-1375.0
-841.0
-543.0
-610.0
-714.0
-384.0
-985.0
-932.0
-678.0
-485.0
-1013.0
-984.0
-617.0
-799.0
-304.0
-846.0
-348.0
-656.0
-729.0
-749.0
-909.0
-499.0
-899.0
-835.0
-544.0
-801.0
-632.0
-718.0
-626.0
-756.0
-522.0
-581.0
-433.0
-792.0
-777.0
-798.0
-650.0
-687.0
-498.0
-728.0
-957.0
-901.0
-641.0
-643.0
-654.0
-446.0
-582.0
-530.0
-672.0
-840.0
-939.0
-432.0
-744.0
-571.0
-618.0
-1317.0
-842.0
-620.0
-1623.0
-4692.0
-851.0
-1272.0
-471.0
-621.0
-708.0
-407.0
-1059.0
-831.0
-662.0
-523.0
-1092.0
-322.0
-1659.0
-794.0
-770.0
-681.0
-1030.0
-1090.0
-798.0
-378.0
-382.0
-709.0
-1024.0
-449.0
-337.0
-406.0
-643.0
-873.0
-547.0
-467.0
-648.0
-566.0
-319.0
-535.0
-2238.0
-646.0
-615.0
-446.0
-498.0
-416.0
-614.0
-645.0
-420.0
-627.0
-631.0
-297.0
-555.0
-455.0
-431.0
-619.0
-328.0
-1287.0
-865.0
-376.0
-618.0
-804.0
-648.0
-431.0
-1141.0
-433.0
-346.0
-647.0
-835.0
-319.0
-568.0
-719.0
-329.0
-571.0
-522.0
-454.0
-718.0
-874.0
-933.0
-466.0
-266.0
-353.0
-234.0
-842.0
-338.0
-283.0
-820.0
-515.0
-477.0
-290.0
-689.0
-560.0
-261.0
-579.0
-277.0
-408.0
-310.0
-468.0
-509.0
-460.0
-690.0
-617.0
-284.0
-433.0
-435.0
-376.0
-352.0
-676.0
-339.0
-171.0
-436.0
-665.0
-1048.0
-243.0
-422.0
-390.0
-744.0
-710.0
-393.0
-787.0
-358.0
-383.0
-575.0
-460.0
-934.0
-682.0
-535.0
-530.0
-648.0
-1097.0
-396.0
-536.0
-243.0
-592.0
-940.0
-970.0
-1343.0
-1084.0
-326.0
-519.0
-388.0
-359.0
-1157.0
-380.0
-705.0
-447.0
-483.0
-609.0
-296.0
-535.0
-280.0
-371.0
-502.0
-1315.0
-619.0
-634.0
-1748.0
-554.0
-221.0
-535.0
-315.0
-330.0
-372.0
-415.0
-650.0
-997.0
-963.0
-459.0
-553.0
-351.0
-454.0
-711.0
-946.0
-360.0
-298.0
-377.0
-4750.0
-692.0
-430.0
-627.0
-981.0
-286.0
-215.0
-458.0
-657.0
-428.0
-327.0
-461.0
-605.0
-717.0
-512.0
-305.0
-368.0
-627.0
-315.0
-326.0
-717.0
-401.0
-398.0
-582.0
-264.0
-550.0
-329.0
-267.0
-224.0
-354.0
-429.0
-461.0
-657.0
-255.0
-246.0
-232.0
-429.0
-303.0
-691.0
-318.0
-378.0
-512.0
-385.0
-265.0
-179.0
-236.0
-405.0
-310.0
-565.0
-609.0
-562.0
-427.0
-418.0
-321.0
-640.0
-432.0
-349.0
-505.0
-429.0
-600.0
-293.0
-224.0
-222.0
-369.0
-339.0
-469.0
-164.0
-459.0
-522.0
-431.0
-793.0
-224.0
-356.0
-375.0
-315.0
-233.0
-554.0
-214.0
-272.0
-587.0
-376.0
-444.0
-1048.0
-305.0
-211.0
-340.0
-500.0
-360.0
-359.0
-851.0
-451.0
-251.0
-417.0
-578.0
-386.0
-284.0
-226.0
-891.0
-697.0
-513.0
-250.0
-324.0
-324.0
-275.0
-302.0
-335.0
-411.0
-198.0
-268.0
-365.0
-335.0
-360.0
-390.0
-353.0
-328.0
-284.0
-337.0
-288.0
-691.0
-215.0
-409.0
-290.0
-354.0
-322.0
-335.0
-263.0
-360.0
-271.0
-389.0
-1177.0
-398.0
-327.0
-422.0
-235.0
-250.0
-167.0
-443.0
-260.0
-433.0
-306.0
-277.0
-255.0
-435.0
-305.0
-261.0
-317.0
-494.0
-293.0
-232.0
-230.0
-283.0
-569.0
-425.0
-431.0
-438.0
-302.0
-549.0
-193.0
-200.0
-435.0
-164.0
-620.0
-321.0
-449.0
-284.0
-298.0
-246.0
-340.0
-277.0
-215.0
-226.0
-514.0
-404.0
-674.0
-364.0
-235.0
-437.0
-619.0
-4023.0
-311.0
-255.0
-327.0
