4.9575
4.8875
4.4125
3.2375
5.29
4.6525
3.2925
1.8525
2.2925
3.4225
5.0575
5.5475
2.4525
3.045
2.2575
7.66
3.9025
2.74
2.2075
3.0925
5.2875
3.3275
5.81
3.0025
5.2125
2.8875
4.135
3.285
2.55
3.7025
8.2525
3.255
3.3075
2.265
3.2275
3.015
10.2125
2.66
3.8425
3.125
2.765
6.3825
3.305
3.2875
3.2625
2.805
2.0825
4.5425
3.5125
5.21
3.0725
3.15
3.475
9.93
5.295
7.2775
3.1325
1.765
2.7075
1.9875
2.88
3.17
2.8275
3.2225
1.9975
2.565
2.7475
4.98
2.87
2.47
2.885
4.47
2.6975
2.085
2.07
2.665
3.8275
3.6
1.97
3.805
2.96
5.0375
2.9
2.7125
3.83
2.7025
3.3175
3.6175
2.31
3.65
2.56
5.825
4.2825
1.4875
2.025
4.35
2.83
2.8275
2.9
4.315
1.7125
4.495
2.0375
2.9725
2.1525
1.9775
4.5375
2.445
1.935
4.1075
4.81
2.8425
2.7775
2.1175
6.0775
3.0125
3.0625
2.8925
4.34
6.015
3.8175
2.7525
3.475
2.6175
1.89
3.3075
2.56
1.87
2.595
2.6775
4.21
4.1075
4.1475
12.6875
3.2525
3.105
2.9275
3.725
5.3975
2.9375
1.565
2.37
2.3275
2.925
4.5025
5.13
4.325
3.335
9.4375
4.1575
4.4075
2.36
2.3675
2.825
2.715
2.87
4.865
3.17
1.99
3.87
2.6575
3.74
4.2825
3.635
2.61
6.3125
3.6375
3.3475
2.44
2.2525
2.67
3.1375
3.235
2.4675
3.2
2.5425
2.4175
2.9825
2.4725
3.035
3.14
2.8975
3.815
3.365
2.6775
2.235
2.5225
2.31
4.475
3.17
2.57
2.395
2.6825
2.095
3.7725
3.3875
2.8625
2.1
3.4925
3.4725
2.2425
2.8675
1.715
3.42
1.7325
2.615
2.9675
3.16
3.045
2.4125
3.495
3.6975
2.0125
2.945
2.4125
2.9475
2.435
3.06
2.44
2.39
2.055
3.2275
2.7325
3.0825
2.45
2.6975
2.0075
2.865
3.1875
3.5725
2.4875
2.65
2.6275
2.2125
2.5925
2.215
2.7475
3.0525
3.4975
2.2225
2.7075
2.3825
2.8425
4.645
3.215
2.4425
5.8675
13.155
3.58
4.11
2.645
2.25
3.0625
2.2475
3.385
3.2225
2.2475
2.045
4.0275
1.78
5.2275
2.89
3.3625
2.555
3.7125
3.6775
3.1775
1.6625
1.945
2.745
4.035
2.39
1.6725
1.585
2.445
2.9375
1.9125
1.8275
2.66
2.3875
1.895
2.3225
6.755
2.935
2.5375
1.9725
2.15
2.095
2.8725
2.5375
1.8175
3.0925
2.91
1.585
2.2775
1.715
1.875
2.6375
1.825
4.435
3.0175
1.625
2.695
3.3
2.605
2.1425
4.135
2.0
1.695
2.455
2.9775
1.5175
2.175
2.8575
1.6125
2.44
1.925
2.0425
2.735
3.35
3.68
2.015
1.5275
1.975
1.2175
3.285
1.33
1.27
3.2525
2.135
2.0425
1.5875
2.71
2.05
1.4
2.27
1.5125
2.0575
2.18
2.3075
2.2225
2.16
2.33
2.445
1.56
1.7175
2.055
1.6025
1.92
2.7925
1.6725
1.2625
2.2275
2.865
4.1175
1.12
2.0225
1.8875
3.025
2.8375
1.9175
2.7475
1.6225
2.0125
1.9975
1.745
3.54
2.705
2.485
2.075
2.34
3.925
1.7625
2.285
1.7425
2.57
3.275
3.4825
4.72
3.9375
1.6325
2.315
1.8275
2.2125
3.8225
1.8
2.885
1.92
2.3
2.3025
1.5
2.375
1.515
1.7575
2.035
4.39
2.2125
2.7025
5.25
2.1625
1.2
2.0575
1.375
1.7025
1.9675
1.76
3.0625
3.72
4.035
2.445
2.07
1.36
2.135
2.6925
3.115
1.795
1.6175
1.77
12.5675
2.81
1.655
2.1825
3.4275
1.5025
1.0375
2.1225
2.5325
2.02
1.6
2.0875
2.4975
2.8525
2.17
1.415
1.63
2.665
1.375
1.59
2.68
1.7375
1.6475
2.3575
1.49
2.6125
1.42
1.395
1.415
1.7275
2.155
1.865
2.97
1.9275
1.6175
1.035
2.0775
1.505
2.8675
1.85
1.6675
2.125
1.8325
1.33
0.9175
1.3475
1.8275
1.6
2.3825
2.255
2.1475
2.2225
1.6225
1.4825
2.62
2.24
1.8875
2.52
2.34
2.66
1.12
1.1675
1.36
1.5325
1.8675
1.97
1.0675
1.785
2.28
1.9775
3.2475
1.2675
1.7375
1.765
1.43
1.2575
2.3575
1.46
1.2975
2.525
1.5975
1.9975
3.5675
1.875
1.565
1.495
1.9575
1.735
1.8375
2.9675
1.7325
1.415
1.8525
2.1425
2.07
1.585
1.375
3.2675
2.4775
1.875
1.485
2.0325
1.8325
1.5375
1.53
1.3425
2.0475
1.275
1.415
1.64
2.08
1.585
2.2225
1.62
1.67
1.2575
1.71
1.615
2.6
1.62
1.9075
1.385
1.5175
1.395
1.68
1.2575
1.92
1.35
2.11
3.96
1.9475
1.82
2.0975
1.6025
1.395
1.415
2.0175
1.3675
1.8275
1.52
1.55
1.5
1.775
1.68
1.2775
1.6575
2.07
1.595
1.535
1.1675
1.2075
2.705
1.81
2.2175
1.9
1.51
2.705
1.1275
1.12
2.0375
1.28
2.6475
2.1175
2.1375
1.68
1.6425
1.24
1.64
1.8875
1.415
1.4375
2.1
1.685
2.55
2.075
1.485
1.985
2.6175
10.9025
1.3375
1.2225
1.445
